[pilot] 50 mVpp (peak=25.0 mV), scan clamp=+/-9.975 V
[scan] harmonic scan: -9.98V to +9.98V, step=0.1V, 3 blocks/step, est=12s
HSCAN -9.975 0.000143 3.112656 -0.000143 0.000139 -1.573534 -0.000000 0.805323
HSCAN -9.875 0.111554 0.947049 0.065157 0.003755 1.631217 -0.000227 0.896047
HSCAN -9.775 0.107355 0.940676 0.063258 0.001693 1.643351 -0.000123 0.935206
HSCAN -9.675 0.097137 0.937533 0.057483 0.000780 1.424294 0.000114 0.960056
HSCAN -9.575 0.094393 0.937218 0.055884 0.001467 1.726828 -0.000228 0.980847
HSCAN -9.475 0.088470 0.937492 0.052357 0.001031 1.666038 -0.000098 0.999797
HSCAN -9.375 0.078635 0.933196 0.046809 0.001173 1.697693 -0.000148 1.017399
HSCAN -9.275 0.075223 0.938394 0.044463 0.001485 1.768187 -0.000291 1.033652
HSCAN -9.175 0.067655 0.936287 0.040105 0.000854 1.628569 -0.000049 1.048515
HSCAN -9.075 0.058167 0.940349 0.034290 0.001467 1.822016 -0.000365 1.062737
HSCAN -8.975 0.053018 0.936191 0.031432 0.001048 1.808728 -0.000247 1.075958
HSCAN -8.875 0.044601 0.935053 0.026483 0.000528 1.716154 -0.000077 1.087190
HSCAN -8.775 0.036189 0.937473 0.021418 0.001030 1.796818 -0.000231 1.096552
HSCAN -8.675 0.028745 0.931746 0.017145 0.000896 1.693850 -0.000110 1.104232
HSCAN -8.575 0.020280 0.947347 0.011840 0.000525 1.805367 -0.000122 1.110437
HSCAN -8.475 0.012078 0.941164 0.007112 0.000664 1.890925 -0.000209 1.115232
HSCAN -8.375 0.003574 0.849583 0.002360 0.000589 1.757481 -0.000109 1.118189
HSCAN -8.275 0.004636 -2.161257 -0.002581 0.000428 1.897514 -0.000137 1.119254
HSCAN -8.175 0.012923 -2.210016 -0.007709 0.000312 2.015866 -0.000134 1.118622
HSCAN -8.075 0.021375 -2.213826 -0.012817 0.000288 2.168610 -0.000162 1.116381
HSCAN -7.975 0.029120 -2.201134 -0.017164 0.000021 2.247878 -0.000013 1.112334
HSCAN -7.875 0.038281 -2.199755 -0.022521 0.000129 2.871260 -0.000124 1.105960
HSCAN -7.775 0.046098 -2.201648 -0.027190 0.000273 1.990637 -0.000111 1.098009
HSCAN -7.675 0.053093 -2.204815 -0.031452 0.000550 -1.491028 0.000044 1.088507
HSCAN -7.575 0.062583 -2.201006 -0.036881 0.000196 -2.318682 -0.000133 1.077718
HSCAN -7.475 0.068698 -2.206423 -0.040785 0.000247 2.761461 -0.000229 1.065085
HSCAN -7.375 0.077077 -2.200570 -0.045395 0.000527 -1.583292 -0.000007 1.051093
HSCAN -7.275 0.084785 -2.202689 -0.050080 0.000465 -1.774478 -0.000094 1.035731
HSCAN -7.175 0.088409 -2.206775 -0.052512 0.000468 2.705914 -0.000425 1.018788
HSCAN -7.075 0.097672 -2.207241 -0.058051 0.000601 -1.530343 0.000024 0.999967
HSCAN -6.975 0.105265 -2.201751 -0.062097 0.000540 -1.967813 -0.000209 0.979570
HSCAN -6.875 0.106507 -2.203336 -0.062966 0.000808 -1.465122 0.000085 0.958351
HSCAN -6.775 0.116442 -2.201776 -0.068694 0.001054 -1.528883 0.000044 0.935744
HSCAN -6.675 0.121281 -2.203975 -0.071763 0.000314 -1.957689 -0.000119 0.911358
HSCAN -6.575 0.121722 -2.204395 -0.072065 0.002238 -1.338124 0.000516 0.886568
HSCAN -6.475 0.131838 -2.203644 -0.077975 0.001025 -1.683592 -0.000115 0.861060
HSCAN -6.375 0.133908 -2.205422 -0.079391 0.000385 -2.159103 -0.000214 0.834442
HSCAN -6.275 0.136359 -2.203072 -0.080586 0.002262 -1.449237 0.000274 0.806579
HSCAN -6.175 0.142379 -2.209157 -0.084841 0.001308 -1.417823 0.000199 0.777887
HSCAN -6.075 0.141194 -2.207574 -0.083955 0.000412 2.717597 -0.000375 0.748525
HSCAN -5.975 0.146258 -2.202104 -0.086321 0.002013 -1.508283 0.000126 0.718510
HSCAN -5.875 0.149168 -2.206402 -0.088556 0.001428 -1.541686 0.000042 0.688207
HSCAN -5.775 0.144647 -2.206192 -0.085847 0.000377 -2.022970 -0.000165 0.657445
HSCAN -5.675 0.150788 -2.204443 -0.089280 0.001969 -1.529866 0.000081 0.626207
HSCAN -5.575 0.151261 -2.205351 -0.089671 0.001329 -1.628899 -0.000077 0.594723
HSCAN -5.475 0.146068 -2.203941 -0.086426 0.002304 -1.438073 0.000305 0.563318
HSCAN -5.375 0.151007 -2.203141 -0.089251 0.001754 -1.501476 0.000121 0.531945
HSCAN -5.275 0.148707 -2.204723 -0.088081 0.001295 -1.642748 -0.000093 0.500724
HSCAN -5.175 0.144713 -2.206465 -0.085918 0.002605 -1.416361 0.000401 0.469587
HSCAN -5.075 0.146871 -2.205096 -0.087038 0.001539 -1.565718 0.000008 0.438521
HSCAN -4.975 0.140484 -2.205577 -0.083307 0.000781 -1.783314 -0.000165 0.407825
HSCAN -4.875 0.139148 -2.205050 -0.082456 0.001991 -1.523583 0.000094 0.377662
HSCAN -4.775 0.137531 -2.203946 -0.081375 0.001859 -1.531751 0.000073 0.348172
HSCAN -4.675 0.128176 -2.206728 -0.076127 0.000527 -2.353763 -0.000372 0.319333
HSCAN -4.575 0.128606 -2.205194 -0.076224 0.001731 -1.509774 0.000106 0.291114
HSCAN -4.475 0.124199 -2.204180 -0.073510 0.001379 -1.570968 -0.000000 0.263755
HSCAN -4.375 0.113782 -2.204888 -0.067410 0.001600 -1.551064 0.000032 0.237397
HSCAN -4.275 0.113547 -2.205232 -0.067302 0.001471 -1.553244 0.000026 0.211963
HSCAN -4.175 0.106742 -2.205470 -0.063289 0.000920 -1.674185 -0.000095 0.187688
HSCAN -4.075 0.097117 -2.206194 -0.057639 0.002483 -1.385329 0.000458 0.164515
HSCAN -3.975 0.094403 -2.207103 -0.056097 0.001206 -1.540771 0.000036 0.142548
HSCAN -3.875 0.086263 -2.205610 -0.051157 0.000772 -1.709445 -0.000107 0.122002
HSCAN -3.775 0.078278 -2.204096 -0.046326 0.001953 -1.389058 0.000353 0.102855
HSCAN -3.675 0.072562 -2.206664 -0.043093 0.001103 -1.456910 0.000125 0.085150
HSCAN -3.575 0.062885 -2.205536 -0.037289 0.000530 -1.759822 -0.000100 0.069005
HSCAN -3.475 0.056084 -2.203273 -0.033154 0.001328 -1.451219 0.000158 0.054398
HSCAN -3.375 0.048424 -2.204485 -0.028673 0.000947 -1.453834 0.000111 0.041441
HSCAN -3.275 0.038377 -2.203121 -0.022682 0.000697 -1.524387 0.000032 0.030205
HSCAN -3.175 0.031316 -2.202108 -0.018483 0.000997 -1.441200 0.000129 0.020681
HSCAN -3.075 0.022769 -2.201172 -0.013421 0.000711 -1.445839 0.000089 0.012954
HSCAN -2.975 0.013589 -2.197610 -0.007971 0.000754 -1.386301 0.000138 0.007046
HSCAN -2.875 0.005356 -2.181048 -0.003069 0.000646 -1.378112 0.000124 0.002966
HSCAN -2.775 0.003346 0.901331 0.002076 0.000546 -1.328889 0.000131 0.000758
HSCAN -2.675 0.011909 0.928061 0.007138 0.000326 -1.317185 0.000082 0.000444
HSCAN -2.575 0.021014 0.925945 0.012631 0.000351 -1.324700 0.000086 0.002041
HSCAN -2.475 0.028897 0.929328 0.017291 0.000392 -1.244987 0.000126 0.005540
HSCAN -2.375 0.037857 0.929639 0.022643 0.000104 -1.089683 0.000048 0.010969
HSCAN -2.275 0.046701 0.928844 0.027963 0.000166 -0.465872 0.000148 0.018240
HSCAN -2.175 0.052812 0.926738 0.031711 0.000417 -0.845398 0.000276 0.027281
HSCAN -2.075 0.062786 0.929986 0.037536 0.000150 1.316186 0.000038 0.038097
HSCAN -1.975 0.070710 0.927940 0.042389 0.000120 0.910648 0.000074 0.050598
HSCAN -1.875 0.075018 0.929237 0.044894 0.000415 1.497869 0.000030 0.064763
HSCAN -1.775 0.085940 0.929866 0.051387 0.000250 1.044715 0.000125 0.080588
HSCAN -1.675 0.092493 0.928780 0.055386 0.000283 1.294491 0.000077 0.098034
HSCAN -1.575 0.095993 0.929680 0.057413 0.001558 1.893913 -0.000495 0.117055
HSCAN -1.475 0.106427 0.929186 0.063695 0.000335 1.522109 0.000016 0.137545
HSCAN -1.375 0.110844 0.927557 0.066483 0.000140 1.168900 0.000055 0.159389
HSCAN -1.275 0.115594 0.930573 0.069053 0.001699 1.718687 -0.000250 0.182634
HSCAN -1.175 0.123461 0.927216 0.074084 0.000812 1.508003 0.000051 0.207166
HSCAN -1.075 0.124776 0.928531 0.074742 0.000465 -0.169166 0.000458 0.232917
HSCAN -0.975 0.131792 0.928523 0.078946 0.001604 1.633909 -0.000101 0.259867
HSCAN -0.875 0.136746 0.929256 0.081833 0.000982 1.494204 0.000075 0.287770
HSCAN -0.775 0.134664 0.927870 0.080736 0.000576 1.204081 0.000207 0.316580
HSCAN -0.675 0.143102 0.930698 0.085471 0.001740 1.671634 -0.000175 0.346406
HSCAN -0.575 0.145749 0.929629 0.087177 0.000489 1.574216 -0.000002 0.376840
HSCAN -0.475 0.142443 0.927558 0.085436 0.002269 1.712567 -0.000321 0.408021
HSCAN -0.375 0.150291 0.930205 0.089824 0.001672 1.624047 -0.000089 0.439956
HSCAN -0.275 0.149836 0.929550 0.089631 0.000744 1.223095 0.000253 0.472101
HSCAN -0.175 0.147873 0.929087 0.088511 0.002673 1.782541 -0.000562 0.504625
HSCAN -0.075 0.152827 0.929461 0.091431 0.001832 1.639537 -0.000126 0.537515
HSCAN +0.025 0.148101 0.930055 0.088534 0.000492 1.304870 0.000129 0.570384
HSCAN +0.125 0.148750 0.932114 0.088675 0.002034 1.725473 -0.000313 0.603419
HSCAN +0.225 0.149921 0.930389 0.089581 0.001811 1.734920 -0.000296 0.636502
HSCAN +0.325 0.141893 0.930309 0.084793 0.000414 -0.056874 0.000413 0.669108
HSCAN +0.425 0.144343 0.929021 0.086406 0.001720 1.737240 -0.000285 0.700723
HSCAN +0.525 0.141941 0.932072 0.084621 0.001427 1.704723 -0.000191 0.731948
HSCAN +0.625 0.132703 0.931288 0.079197 0.001179 1.708639 -0.000162 0.762763
HSCAN +0.725 0.134850 0.930647 0.080548 0.001696 1.722294 -0.000256 0.793243
HSCAN +0.825 0.130682 0.926534 0.078489 0.001331 1.588303 -0.000023 0.822704
HSCAN +0.925 0.121403 0.931650 0.072418 0.002952 1.778753 -0.000610 0.851000
HSCAN +1.025 0.120950 0.930199 0.072289 0.001274 1.564848 0.000008 0.878505
HSCAN +1.125 0.113903 0.930402 0.068058 0.000773 1.666208 -0.000074 0.905129
HSCAN +1.225 0.106947 0.928983 0.064024 0.002312 1.776102 -0.000471 0.930573
HSCAN +1.325 0.103068 0.929162 0.061687 0.001497 1.724621 -0.000229 0.954799
HSCAN +1.425 0.093819 0.931433 0.055981 0.000770 1.376831 0.000148 0.977600
HSCAN +1.525 0.088721 0.934130 0.052746 0.001884 1.750928 -0.000338 0.998920
HSCAN +1.625 0.082269 0.931865 0.049060 0.001003 1.765170 -0.000194 1.018399
HSCAN +1.725 0.071435 0.930840 0.042658 0.000755 1.619637 -0.000037 1.036499
HSCAN +1.825 0.066318 0.933716 0.039449 0.001452 1.768039 -0.000285 1.053108
HSCAN +1.925 0.058596 0.930832 0.034992 0.000715 1.546551 0.000017 1.068192
HSCAN +2.025 0.048598 0.930859 0.029020 0.001289 1.765050 -0.000249 1.081259
HSCAN +2.125 0.042237 0.935794 0.025054 0.000963 1.786437 -0.000206 1.092347
HSCAN +2.225 0.033169 0.928425 0.019871 0.000749 1.669160 -0.000074 1.101776
HSCAN +2.325 0.024319 0.931534 0.014509 0.001019 1.803480 -0.000235 1.109071
HSCAN +2.425 0.015694 0.924830 0.009447 0.000619 1.732977 -0.000100 1.114481
HSCAN +2.525 0.007150 0.903137 0.004427 0.000567 1.743074 -0.000097 1.118528
HSCAN +2.625 0.001799 -2.299064 -0.001197 0.000502 1.847397 -0.000137 1.120260
HSCAN +2.725 0.010896 -2.228354 -0.006659 0.000434 1.897458 -0.000139 1.119975
HSCAN +2.825 0.018677 -2.183829 -0.010746 0.000590 1.846519 -0.000161 1.118533
HSCAN +2.925 0.028168 -2.211641 -0.016841 0.000252 2.192608 -0.000147 1.114812
HSCAN +3.025 0.037036 -2.203849 -0.021911 0.000163 1.431202 0.000023 1.108790
HSCAN +3.125 0.043714 -2.197719 -0.025645 0.000177 2.235681 -0.000109 1.100686
HSCAN +3.225 0.053818 -2.207942 -0.032016 0.000103 -2.573891 -0.000087 1.090891
HSCAN +3.325 0.061718 -2.207919 -0.036715 0.000086 -2.637332 -0.000075 1.079790
HSCAN +3.425 0.067485 -2.204702 -0.039971 0.000801 -1.182053 0.000304 1.066456
HSCAN +3.525 0.077241 -2.213250 -0.046280 0.000187 -2.251030 -0.000118 1.051840
HSCAN +3.625 0.083945 -2.213929 -0.050342 0.000224 -2.383608 -0.000163 1.036200
HSCAN +3.725 0.090448 -2.208951 -0.053881 0.001107 -1.448255 0.000135 1.018840
HSCAN +3.825 0.098841 -2.210678 -0.059018 0.000425 -1.974826 -0.000167 0.999525
HSCAN +3.925 0.102842 -2.211178 -0.061448 0.000328 2.897441 -0.000319 0.978715
HSCAN +4.025 0.111108 -2.208516 -0.066150 0.000979 -1.534480 0.000036 0.956250
HSCAN +4.125 0.117464 -2.207365 -0.069825 0.000517 -1.831487 -0.000133 0.932586
HSCAN +4.225 0.117830 -2.209852 -0.070278 0.000341 -2.032610 -0.000152 0.907523
HSCAN +4.325 0.127546 -2.210853 -0.076176 0.001194 -1.633202 -0.000074 0.881054
HSCAN +4.425 0.132033 -2.209486 -0.078710 0.000472 -2.011336 -0.000201 0.854396
HSCAN +4.525 0.131283 -2.210146 -0.078333 0.002023 -1.411069 0.000322 0.826876
HSCAN +4.625 0.140365 -2.209793 -0.083712 0.001074 -1.695180 -0.000133 0.798378
HSCAN +4.725 0.141956 -2.209453 -0.084622 0.000683 -1.781727 -0.000143 0.769088
HSCAN +4.825 0.142649 -2.209350 -0.085024 0.002803 -1.436207 0.000376 0.738461
HSCAN +4.925 0.148435 -2.212219 -0.088814 0.001243 -1.569330 0.000002 0.707478
HSCAN +5.025 0.146465 -2.209500 -0.087316 0.000395 -2.145139 -0.000215 0.676098
HSCAN +5.125 0.149272 -2.208205 -0.088834 0.002158 -1.495916 0.000161 0.644131
HSCAN +5.225 0.151881 -2.210405 -0.090655 0.001607 -1.515173 0.000089 0.611864
HSCAN +5.325 0.146072 -2.211003 -0.087258 0.000435 2.876138 -0.000420 0.579751
HSCAN +5.425 0.150762 -2.209378 -0.089863 0.001779 -1.411287 0.000283 0.547636
HSCAN +5.525 0.150824 -2.208801 -0.089830 0.001723 -1.545308 0.000044 0.515616
HSCAN +5.625 0.142631 -2.210349 -0.085127 0.001271 -1.512233 0.000074 0.483619
HSCAN +5.725 0.146915 -2.211353 -0.087803 0.001827 -1.440423 0.000238 0.451802
HSCAN +5.825 0.144222 -2.210622 -0.086109 0.001387 -1.501827 0.000096 0.420379
HSCAN +5.925 0.136324 -2.209465 -0.081266 0.002700 -1.400150 0.000459 0.389238
HSCAN +6.025 0.138373 -2.209233 -0.082462 0.001556 -1.584507 -0.000021 0.358637
HSCAN +6.125 0.132953 -2.209599 -0.079271 0.001123 -1.642460 -0.000080 0.328954
HSCAN +6.225 0.127196 -2.208339 -0.075710 0.002145 -1.477262 0.000200 0.299890
HSCAN +6.325 0.125274 -2.209027 -0.074635 0.001589 -1.560063 0.000017 0.271699
HSCAN +6.425 0.116680 -2.209667 -0.069575 0.000658 -2.080545 -0.000321 0.244542
HSCAN +6.525 0.113529 -2.206869 -0.067441 0.001783 -1.499740 0.000127 0.218301
HSCAN +6.625 0.108125 -2.208417 -0.064365 0.001504 -1.478740 0.000138 0.193230
HSCAN +6.725 0.097953 -2.209287 -0.058378 0.000999 -1.461642 0.000109 0.169450
HSCAN +6.825 0.094897 -2.207581 -0.056427 0.001484 -1.536991 0.000050 0.146800
HSCAN +6.925 0.087844 -2.208551 -0.052301 0.001076 -1.569009 0.000002 0.125558
HSCAN +7.025 0.077766 -2.206884 -0.046197 0.001812 -1.410037 0.000290 0.105799
HSCAN +7.125 0.073121 -2.208003 -0.043504 0.001207 -1.525743 0.000054 0.087533
HSCAN +7.225 0.064661 -2.206970 -0.038417 0.000971 -1.545944 0.000024 0.070904
HSCAN +7.325 0.055633 -2.206847 -0.033048 0.001598 -1.415611 0.000247 0.055906
HSCAN +7.425 0.048920 -2.206417 -0.029043 0.000956 -1.514074 0.000054 0.042575
HSCAN +7.525 0.039324 -2.205674 -0.023322 0.000683 -1.509408 0.000042 0.031027
HSCAN +7.625 0.031322 -2.204388 -0.018544 0.001064 -1.411562 0.000169 0.021259
HSCAN +7.725 0.022924 -2.205413 -0.013591 0.000772 -1.433646 0.000106 0.013331
HSCAN +7.825 0.013477 -2.199542 -0.007926 0.000548 -1.447552 0.000067 0.007288
HSCAN +7.925 0.005083 -2.182624 -0.002920 0.000657 -1.380267 0.000124 0.003150
HSCAN +8.025 0.003790 0.900191 0.002355 0.000570 -1.345547 0.000127 0.000947
HSCAN +8.125 0.012168 0.922805 0.007345 0.000424 -1.402458 0.000071 0.000705
HSCAN +8.225 0.021618 0.923222 0.013041 0.000276 -1.207347 0.000098 0.002450
HSCAN +8.325 0.030276 0.924505 0.018233 0.000405 -1.222952 0.000138 0.006162
HSCAN +8.425 0.037541 0.927979 0.022504 0.000178 1.799615 -0.000040 0.011836
HSCAN +8.525 0.047655 0.927693 0.028578 0.000111 -0.732367 0.000082 0.019415
HSCAN +8.625 0.055311 0.927348 0.033184 0.000414 -1.108280 0.000185 0.028804
HSCAN +8.725 0.062798 0.928306 0.037628 0.000549 1.692525 -0.000067 0.040035
HSCAN +8.825 0.072181 0.926706 0.043343 0.000300 1.602284 -0.000009 0.053025
HSCAN +8.925 0.077613 0.926314 0.046629 0.000387 -0.950727 0.000225 0.067698
HSCAN +9.025 0.086624 0.927959 0.051928 0.000545 1.797236 -0.000122 0.084128
HSCAN +9.125 0.094383 0.927817 0.056590 0.000649 1.504413 0.000043 0.102138
HSCAN +9.225 0.097155 0.929129 0.058150 0.000219 1.104613 0.000098 0.121695
HSCAN +9.325 0.107419 0.928144 0.064378 0.000843 1.673864 -0.000087 0.142891
HSCAN +9.425 0.113051 0.928245 0.067745 0.000460 1.285220 0.000130 0.165387
HSCAN +9.525 0.114685 0.928818 0.068671 0.001640 1.787127 -0.000352 0.189232
HSCAN +9.625 0.124642 0.927226 0.074792 0.000617 1.526074 0.000028 0.214447
HSCAN +9.725 0.127918 0.926490 0.076833 0.000542 1.478695 0.000050 0.240811
HSCAN +9.825 0.130407 0.928422 0.078127 0.002385 1.724513 -0.000365 0.268363
HSCAN +9.925 0.138079 0.928439 0.082721 0.001022 1.501364 0.000071 0.297101
[scan] harmonic scan done
