[pilot] 100 mVpp (peak=50.0 mV), scan clamp=+/-9.950 V
[scan] harmonic scan: -9.95V to +9.95V, step=0.1V, 3 blocks/step, est=12s
HSCAN -9.950 0.231991 0.927961 0.139071 0.000376 -1.132634 0.000160 0.909105
HSCAN -9.850 0.220075 0.929426 0.131670 0.002571 1.959266 -0.000974 0.919303
HSCAN -9.750 0.214225 0.932121 0.127707 0.002670 1.806476 -0.000623 0.938256
HSCAN -9.650 0.199279 0.929849 0.119160 0.000506 1.734215 -0.000082 0.958426
HSCAN -9.550 0.185472 0.928779 0.111063 0.004075 1.868021 -0.001193 0.978469
HSCAN -9.450 0.176880 0.929206 0.105857 0.002727 1.760666 -0.000515 0.998151
HSCAN -9.350 0.159829 0.932572 0.095222 0.001029 1.732862 -0.000166 1.016514
HSCAN -9.250 0.146518 0.930297 0.087559 0.003948 1.848821 -0.001084 1.033366
HSCAN -9.150 0.134407 0.931820 0.080157 0.002467 1.778025 -0.000508 1.049037
HSCAN -9.050 0.116131 0.931942 0.069246 0.001794 1.821772 -0.000446 1.062932
HSCAN -8.950 0.102570 0.932807 0.061089 0.003182 1.822438 -0.000792 1.075260
HSCAN -8.850 0.087466 0.931685 0.052172 0.002037 1.807320 -0.000477 1.086487
HSCAN -8.750 0.069853 0.930947 0.041708 0.002319 1.823928 -0.000581 1.096674
HSCAN -8.650 0.055042 0.930446 0.032886 0.002394 1.829155 -0.000612 1.104853
HSCAN -8.550 0.038119 0.932447 0.022714 0.001858 1.811739 -0.000443 1.111120
HSCAN -8.450 0.021349 0.928761 0.012784 0.002195 1.857138 -0.000620 1.115517
HSCAN -8.350 0.004774 0.887471 0.003014 0.002094 1.827823 -0.000532 1.118144
HSCAN -8.250 0.011756 -2.211094 -0.007023 0.001952 1.851320 -0.000540 1.119044
HSCAN -8.150 0.028577 -2.205761 -0.016951 0.001513 1.891041 -0.000476 1.118156
HSCAN -8.050 0.045526 -2.209345 -0.027135 0.001817 1.872071 -0.000539 1.115242
HSCAN -7.950 0.060973 -2.202758 -0.036018 0.002020 1.956513 -0.000760 1.110449
HSCAN -7.850 0.077281 -2.203211 -0.045680 0.000577 1.777808 -0.000119 1.103976
HSCAN -7.750 0.094942 -2.207672 -0.056461 0.001497 1.900834 -0.000485 1.095826
HSCAN -7.650 0.107968 -2.206874 -0.064138 0.001538 1.832977 -0.000399 1.086417
HSCAN -7.550 0.125938 -2.207634 -0.074890 0.000378 1.978733 -0.000150 1.075114
HSCAN -7.450 0.140449 -2.208130 -0.083575 0.001808 2.025647 -0.000794 1.062116
HSCAN -7.350 0.152717 -2.210844 -0.091208 0.000681 1.979439 -0.000271 1.047519
HSCAN -7.250 0.170573 -2.209633 -0.101706 0.000141 -2.949537 -0.000138 1.031423
HSCAN -7.150 0.181046 -2.208882 -0.107842 0.002131 2.197324 -0.001249 1.013954
HSCAN -7.050 0.193721 -2.205531 -0.114869 0.000866 -1.395331 0.000151 0.994939
HSCAN -6.950 0.210557 -2.209476 -0.125521 0.000163 2.294320 -0.000108 0.974295
HSCAN -6.850 0.216763 -2.210496 -0.129398 0.001825 1.890624 -0.000574 0.952713
HSCAN -6.750 0.228876 -2.208177 -0.136202 0.001862 -1.458343 0.000209 0.930164
HSCAN -6.650 0.244124 -2.211406 -0.145909 0.000264 2.680228 -0.000237 0.906362
HSCAN -6.550 0.246740 -2.209377 -0.147071 0.000787 1.889238 -0.000246 0.881414
HSCAN -6.450 0.259493 -2.209101 -0.154615 0.002133 -1.443161 0.000271 0.855118
HSCAN -6.350 0.269782 -2.210664 -0.161084 0.000498 2.721446 -0.000455 0.828081
HSCAN -6.250 0.270541 -2.208878 -0.161149 0.001075 -1.435131 0.000145 0.800298
HSCAN -6.150 0.282902 -2.211480 -0.169103 0.001577 -1.342909 0.000356 0.771524
HSCAN -6.050 0.285808 -2.212277 -0.171022 0.001614 1.955318 -0.000605 0.742044
HSCAN -5.950 0.285580 -2.211246 -0.170650 0.002315 -1.310266 0.000596 0.711846
HSCAN -5.850 0.296616 -2.210154 -0.176985 0.001591 -1.510198 0.000096 0.681117
HSCAN -5.750 0.293511 -2.212524 -0.175690 0.001619 2.020953 -0.000704 0.650052
HSCAN -5.650 0.294384 -2.209663 -0.175537 0.004058 -1.317218 0.001018 0.618590
HSCAN -5.550 0.301273 -2.209699 -0.179653 0.001629 -1.499416 0.000116 0.587250
HSCAN -5.450 0.294103 -2.209956 -0.175439 0.000583 3.023064 -0.000579 0.555891
HSCAN -5.350 0.294255 -2.211694 -0.175939 0.004481 -1.289310 0.001245 0.524399
HSCAN -5.250 0.295769 -2.213873 -0.177361 0.001226 -1.442143 0.000157 0.493174
HSCAN -5.150 0.286614 -2.213550 -0.171797 0.000910 -1.397367 0.000157 0.462139
HSCAN -5.050 0.287176 -2.211892 -0.171753 0.003523 -1.382971 0.000658 0.431212
HSCAN -4.950 0.281023 -2.212849 -0.168288 0.000653 -1.800641 -0.000149 0.400675
HSCAN -4.850 0.270743 -2.210407 -0.161602 0.002868 -1.373323 0.000563 0.370627
HSCAN -4.750 0.270141 -2.211280 -0.161432 0.003025 -1.410409 0.000483 0.341197
HSCAN -4.650 0.257760 -2.212379 -0.154260 0.000450 -2.236127 -0.000278 0.312564
HSCAN -4.550 0.247862 -2.212492 -0.148359 0.004024 -1.344647 0.000902 0.284515
HSCAN -4.450 0.243638 -2.211139 -0.145566 0.002812 -1.411380 0.000446 0.257253
HSCAN -4.350 0.227723 -2.213226 -0.136438 0.000411 -2.083838 -0.000202 0.231027
HSCAN -4.250 0.218010 -2.211797 -0.130369 0.004312 -1.351580 0.000938 0.205939
HSCAN -4.150 0.209679 -2.212373 -0.125484 0.002212 -1.457577 0.000250 0.181940
HSCAN -4.050 0.191608 -2.212217 -0.114645 0.001663 -1.339458 0.000381 0.159074
HSCAN -3.950 0.181640 -2.211734 -0.108611 0.003674 -1.307287 0.000957 0.137473
HSCAN -3.850 0.168783 -2.211784 -0.100930 0.001996 -1.450917 0.000239 0.117174
HSCAN -3.750 0.150340 -2.212543 -0.089993 0.002468 -1.353187 0.000533 0.098321
HSCAN -3.650 0.139201 -2.210187 -0.083062 0.002865 -1.377710 0.000550 0.080973
HSCAN -3.550 0.122879 -2.211375 -0.073440 0.001515 -1.460489 0.000167 0.065197
HSCAN -3.450 0.105210 -2.210880 -0.062838 0.002937 -1.328807 0.000704 0.051004
HSCAN -3.350 0.091444 -2.211169 -0.054637 0.002364 -1.362450 0.000489 0.038473
HSCAN -3.250 0.073609 -2.210750 -0.043956 0.001654 -1.348362 0.000365 0.027666
HSCAN -3.150 0.056626 -2.209576 -0.033761 0.002663 -1.320599 0.000659 0.018599
HSCAN -3.050 0.040807 -2.207526 -0.024262 0.002164 -1.340102 0.000495 0.011318
HSCAN -2.950 0.022975 -2.205884 -0.013630 0.001935 -1.326630 0.000468 0.005866
HSCAN -2.850 0.006015 -2.193033 -0.003506 0.002058 -1.316431 0.000518 0.002261
HSCAN -2.750 0.011239 0.920778 0.006802 0.001979 -1.308337 0.000513 0.000529
HSCAN -2.650 0.028081 0.923356 0.016937 0.001832 -1.334028 0.000430 0.000696
HSCAN -2.550 0.045804 0.922961 0.027641 0.001471 -1.305243 0.000386 0.002786
HSCAN -2.450 0.062595 0.924735 0.037685 0.001992 -1.296518 0.000540 0.006790
HSCAN -2.350 0.078240 0.923493 0.047182 0.001251 -1.386135 0.000230 0.012673
HSCAN -2.250 0.096683 0.923774 0.058282 0.001049 -1.249734 0.000331 0.020409
HSCAN -2.150 0.111318 0.921994 0.067262 0.002158 -1.251726 0.000677 0.029910
HSCAN -2.050 0.126252 0.923568 0.076127 0.000310 -1.213961 0.000108 0.041148
HSCAN -1.950 0.144602 0.924394 0.087096 0.000843 -1.214729 0.000294 0.054117
HSCAN -1.850 0.156043 0.924931 0.093921 0.002017 -1.189686 0.000750 0.068754
HSCAN -1.750 0.171155 0.923552 0.103205 0.000721 1.756647 -0.000133 0.084994
HSCAN -1.650 0.188259 0.923361 0.113547 0.000886 -1.294096 0.000242 0.102868
HSCAN -1.550 0.195991 0.922277 0.118380 0.001070 -1.265903 0.000321 0.122228
HSCAN -1.450 0.211413 0.923184 0.127542 0.001324 1.738943 -0.000222 0.142999
HSCAN -1.350 0.225487 0.923507 0.135974 0.000618 -1.170425 0.000241 0.165252
HSCAN -1.250 0.230419 0.922292 0.139172 0.000429 1.826779 -0.000109 0.188910
HSCAN -1.150 0.246724 0.923241 0.148834 0.000806 1.440597 0.000105 0.213810
HSCAN -1.050 0.254763 0.923513 0.153628 0.001427 -1.096854 0.000651 0.239888
HSCAN -0.950 0.258347 0.923329 0.155827 0.002110 1.860127 -0.000602 0.266937
HSCAN -0.850 0.272944 0.922418 0.164829 0.000777 1.721130 -0.000116 0.295015
HSCAN -0.750 0.275579 0.923822 0.166112 0.001439 -1.165443 0.000567 0.324081
HSCAN -0.650 0.279692 0.922590 0.168866 0.003646 1.850982 -0.001008 0.354000
HSCAN -0.550 0.290632 0.923414 0.175280 0.000715 1.459627 0.000079 0.384641
HSCAN -0.450 0.288981 0.926043 0.173678 0.000756 -0.848274 0.000500 0.416009
HSCAN -0.350 0.293124 0.925006 0.176411 0.004495 1.886561 -0.001396 0.447986
HSCAN -0.250 0.299417 0.923975 0.180444 0.000196 1.911101 -0.000066 0.480300
HSCAN -0.150 0.294156 0.924154 0.177232 0.001292 1.867041 -0.000377 0.512842
HSCAN -0.050 0.298976 0.923077 0.180393 0.003616 1.870768 -0.001069 0.545620
HSCAN +0.050 0.297713 0.922408 0.179790 0.000097 1.356669 0.000021 0.578437
HSCAN +0.150 0.291315 0.924844 0.175360 0.002515 1.932890 -0.000891 0.611543
HSCAN +0.250 0.295291 0.924843 0.177753 0.003115 1.684192 -0.000352 0.644618
HSCAN +0.350 0.286357 0.925679 0.172184 0.000738 -0.698706 0.000565 0.677161
HSCAN +0.450 0.280073 0.921758 0.169282 0.003991 1.799323 -0.000904 0.708829
HSCAN +0.550 0.279934 0.923819 0.168738 0.002351 1.768593 -0.000462 0.740032
HSCAN +0.650 0.266767 0.922713 0.161037 0.000497 -0.391620 0.000459 0.770661
HSCAN +0.750 0.261602 0.923653 0.157722 0.004755 1.809919 -0.001126 0.800617
HSCAN +0.850 0.256919 0.925835 0.154452 0.002092 1.800009 -0.000475 0.829956
HSCAN +0.950 0.240452 0.922910 0.145114 0.000887 1.705192 -0.000119 0.858315
HSCAN +1.050 0.234674 0.923911 0.141439 0.004220 1.811397 -0.001006 0.885670
HSCAN +1.150 0.224943 0.923618 0.135627 0.001688 1.859933 -0.000481 0.911961
HSCAN +1.250 0.207285 0.926079 0.124572 0.002651 1.876549 -0.000798 0.936912
HSCAN +1.350 0.200489 0.925777 0.120536 0.003094 1.774342 -0.000625 0.960460
HSCAN +1.450 0.185521 0.925224 0.111620 0.001402 1.521862 0.000069 0.982686
HSCAN +1.550 0.169245 0.925988 0.101724 0.003172 1.881229 -0.000969 1.003796
HSCAN +1.650 0.159448 0.923724 0.096124 0.002607 1.851063 -0.000721 1.023145
HSCAN +1.750 0.141271 0.926936 0.084803 0.001108 1.794540 -0.000246 1.040805
HSCAN +1.850 0.125361 0.928722 0.075074 0.003223 1.862871 -0.000928 1.056737
HSCAN +1.950 0.112207 0.927314 0.067322 0.002281 1.849457 -0.000628 1.070723
HSCAN +2.050 0.093613 0.925520 0.056300 0.001677 1.767650 -0.000328 1.082959
HSCAN +2.150 0.077705 0.925249 0.046750 0.002977 1.792879 -0.000656 1.093862
HSCAN +2.250 0.061666 0.925961 0.037065 0.002181 1.811615 -0.000520 1.103047
HSCAN +2.350 0.043562 0.926298 0.026172 0.002079 1.798575 -0.000469 1.110087
HSCAN +2.450 0.027173 0.913446 0.016603 0.002335 1.811322 -0.000556 1.115127
HSCAN +2.550 0.009709 0.918510 0.005894 0.001911 1.822312 -0.000476 1.118607
HSCAN +2.650 0.007784 -2.204650 -0.004610 0.001930 1.813156 -0.000463 1.120042
HSCAN +2.750 0.025273 -2.203765 -0.014950 0.001824 1.876999 -0.000550 1.119474
HSCAN +2.850 0.042225 -2.213728 -0.025316 0.001983 1.859549 -0.000565 1.116745
HSCAN +2.950 0.058976 -2.210199 -0.035192 0.001158 1.910076 -0.000385 1.112711
HSCAN +3.050 0.077325 -2.213081 -0.046320 0.001386 1.940798 -0.000501 1.106959
HSCAN +3.150 0.091973 -2.212416 -0.055045 0.002095 1.887686 -0.000653 1.098860
HSCAN +3.250 0.108860 -2.212135 -0.065128 0.000372 1.879214 -0.000113 1.089066
HSCAN +3.350 0.126863 -2.211743 -0.075858 0.001154 1.985428 -0.000465 1.077586
HSCAN +3.450 0.138641 -2.213996 -0.083151 0.001734 1.910898 -0.000579 1.064268
HSCAN +3.550 0.156022 -2.211580 -0.093274 0.000260 -1.454054 0.000030 1.049060
HSCAN +3.650 0.172496 -2.215335 -0.103641 0.001121 2.060444 -0.000527 1.032586
HSCAN +3.750 0.180890 -2.212953 -0.108339 0.000450 1.288573 0.000125 1.014506
HSCAN +3.850 0.199724 -2.214588 -0.119881 0.000305 -2.839269 -0.000291 0.994941
HSCAN +3.950 0.210253 -2.214664 -0.126213 0.002003 2.205499 -0.001188 0.973541
HSCAN +4.050 0.219278 -2.213341 -0.131399 0.001006 -1.386790 0.000184 0.950615
HSCAN +4.150 0.236061 -2.214171 -0.141612 0.000304 -3.058981 -0.000303 0.926667
HSCAN +4.250 0.242568 -2.212893 -0.145268 0.002060 2.154671 -0.001136 0.901643
HSCAN +4.350 0.251000 -2.213273 -0.150394 0.002345 -1.340905 0.000534 0.875664
HSCAN +4.450 0.265359 -2.212696 -0.158875 0.000371 -2.399785 -0.000273 0.848587
HSCAN +4.550 0.266998 -2.216466 -0.160661 0.001451 2.145494 -0.000789 0.820299
HSCAN +4.650 0.275080 -2.213241 -0.164815 0.003129 -1.339878 0.000716 0.790980
HSCAN +4.750 0.284642 -2.215740 -0.171113 0.000618 2.805234 -0.000583 0.761733
HSCAN +4.850 0.283817 -2.215860 -0.170645 0.000447 -1.690542 -0.000053 0.730854
HSCAN +4.950 0.292376 -2.214591 -0.175494 0.002692 -1.339481 0.000617 0.699881
HSCAN +5.050 0.295414 -2.215110 -0.177441 0.000880 2.338426 -0.000611 0.668431
HSCAN +5.150 0.292593 -2.217449 -0.176293 0.002023 -1.511954 0.000119 0.637070
HSCAN +5.250 0.299958 -2.214539 -0.180033 0.002266 -1.460438 0.000250 0.604261
HSCAN +5.350 0.296350 -2.215348 -0.178059 0.001228 2.525644 -0.001002 0.571916
HSCAN +5.450 0.293576 -2.215558 -0.176441 0.003814 -1.347670 0.000844 0.539830
HSCAN +5.550 0.297126 -2.216583 -0.178819 0.001507 -1.672088 -0.000152 0.508311
HSCAN +5.650 0.288592 -2.215392 -0.173408 0.000594 2.266519 -0.000381 0.476083
HSCAN +5.750 0.286185 -2.213331 -0.171490 0.004728 -1.338339 0.001089 0.444225
HSCAN +5.850 0.285870 -2.214526 -0.171574 0.001871 -1.363005 0.000386 0.412761
HSCAN +5.950 0.272070 -2.216598 -0.163742 0.000165 2.983527 -0.000163 0.382358
HSCAN +6.050 0.269837 -2.215991 -0.162268 0.003935 -1.382656 0.000736 0.351667
HSCAN +6.150 0.263980 -2.215225 -0.158583 0.001396 -1.620761 -0.000070 0.321920
HSCAN +6.250 0.248433 -2.215836 -0.149365 0.002234 -1.408361 0.000361 0.293095
HSCAN +6.350 0.244686 -2.216819 -0.147305 0.002658 -1.448832 0.000323 0.265600
HSCAN +6.450 0.233034 -2.213757 -0.139719 0.001092 -1.661420 -0.000099 0.238349
HSCAN +6.550 0.217929 -2.215569 -0.130979 0.003515 -1.350109 0.000769 0.212349
HSCAN +6.650 0.211806 -2.215276 -0.127249 0.002725 -1.425469 0.000395 0.187468
HSCAN +6.750 0.195170 -2.216319 -0.117417 0.000704 -1.953878 -0.000263 0.164272
HSCAN +6.850 0.181682 -2.213084 -0.108833 0.004043 -1.343832 0.000910 0.141796
HSCAN +6.950 0.171185 -2.214194 -0.102697 0.002388 -1.367302 0.000482 0.120792
HSCAN +7.050 0.153046 -2.214250 -0.091822 0.001574 -1.434214 0.000214 0.101344
HSCAN +7.150 0.138761 -2.216092 -0.083456 0.003348 -1.391737 0.000596 0.083721
HSCAN +7.250 0.125097 -2.212964 -0.074925 0.002259 -1.391941 0.000402 0.067254
HSCAN +7.350 0.106483 -2.213519 -0.063824 0.002219 -1.373881 0.000434 0.052578
HSCAN +7.450 0.091870 -2.212492 -0.054989 0.002837 -1.361747 0.000589 0.039645
HSCAN +7.550 0.074929 -2.214227 -0.044953 0.001702 -1.384809 0.000315 0.028675
HSCAN +7.650 0.056855 -2.211446 -0.033983 0.002424 -1.311043 0.000623 0.019252
HSCAN +7.750 0.040808 -2.209966 -0.024343 0.002322 -1.339989 0.000531 0.011741
HSCAN +7.850 0.022947 -2.208259 -0.013657 0.001895 -1.342135 0.000430 0.006154
HSCAN +7.950 0.005583 -2.191391 -0.003247 0.002004 -1.319206 0.000499 0.002519
HSCAN +8.050 0.012035 0.917605 0.007314 0.001971 -1.298877 0.000529 0.000778
HSCAN +8.150 0.029041 0.921426 0.017561 0.001997 -1.318264 0.000499 0.001010
HSCAN +8.250 0.046352 0.921632 0.028021 0.001217 -1.330125 0.000290 0.003223
HSCAN +8.350 0.064646 0.919452 0.039192 0.001878 -1.274904 0.000548 0.007295
HSCAN +8.450 0.079543 0.923033 0.047996 0.001790 -1.306757 0.000467 0.013515
HSCAN +8.550 0.097649 0.921997 0.059003 0.000585 -1.353480 0.000126 0.021554
HSCAN +8.650 0.114702 0.923310 0.069187 0.001722 -1.226837 0.000581 0.031405
HSCAN +8.750 0.127562 0.919385 0.077342 0.001217 -1.298492 0.000327 0.042750
HSCAN +8.850 0.146246 0.920395 0.088552 0.000525 -1.108729 0.000234 0.056346
HSCAN +8.950 0.160128 0.921350 0.096837 0.002082 -1.279205 0.000598 0.071506
HSCAN +9.050 0.171953 0.921383 0.103983 0.000304 1.742087 -0.000052 0.088273
HSCAN +9.150 0.190099 0.919745 0.115205 0.000658 -1.226768 0.000222 0.106243
HSCAN +9.250 0.200064 0.922091 0.120870 0.002147 -1.320788 0.000531 0.126454
HSCAN +9.350 0.211923 0.921030 0.128213 0.001600 1.791705 -0.000351 0.148029
HSCAN +9.450 0.227812 0.921717 0.137702 0.000115 -0.272163 0.000111 0.170976
HSCAN +9.550 0.234243 0.923257 0.141301 0.001161 -1.271376 0.000342 0.195202
HSCAN +9.650 0.245457 0.923553 0.148008 0.003018 1.733323 -0.000488 0.220648
HSCAN +9.750 0.258591 0.922251 0.156196 0.000059 0.208377 0.000058 0.247391
HSCAN +9.850 0.260742 0.921861 0.157576 0.000037 -2.727140 -0.000034 0.275266
HSCAN +9.950 0.272829 0.920314 0.165217 0.001653 1.825314 -0.000416 0.303504
[scan] harmonic scan done
